2
4
4
6 7
0
40 10 0
70 10 0
40 10 60
70 10 60
1
70 10 0
70 40 0
70 10 60
70 40 60
0
70 40 0
40 40 0
70 40 60
40 40 60
1
40 40 0
40 10 0
40 40 60
40 10 60
4
4 5
2
100 10 0
130 10 0
100 10 60
130 10 60
3
130 10 0
130 40 0
130 10 60
130 40 60
2
130 40 0
100 40 0
130 40 60
100 40 60
3
100 40 0
100 10 0
100 40 60
100 10 60
4
2 3
4
40 70 0
70 70 0
40 70 60
70 70 60
5
70 70 0
70 100 0
70 70 60
70 100 60
4
70 100 0
40 100 0
70 100 60
40 100 60
5
40 100 0
40 70 0
40 100 60
40 70 60
4
0 1
6
100 70 0
130 70 0
100 70 60
130 70 60
7
130 70 0
130 100 0
130 70 60
130 100 60
6
130 100 0
100 100 0
130 100 60
100 100 60
7
100 100 0
100 70 0
100 100 60
100 70 60